Instance 0,Instance 1,Instance 2,Instance 3,Instance 4,Instance 5,Instance 6,Instance 7,Instance 8,Instance 9,Instance 10,Instance 11,Instance 12,Instance 13,Instance 14,Instance 15,Instance 16,Instance 17,Instance 18,Instance 19,Instance 20,Instance 21,Instance 22,Instance 23,Instance 24,Instance 25,Instance 26,Instance 27,Instance 28,Instance 29,Instance 30,Instance 31,Instance 32,Instance 33,Instance 34,Instance 35,Instance 36,Instance 37,Instance 38,Instance 39,Instance 40,Instance 41,Instance 42,Instance 43,Instance 44,Instance 45,Instance 46,Instance 47,Instance 48,Instance 49,Average house age,Number of rooms,Number of bedrooms,Average household income,adjustment,true value
,,,,,,,,,,,,,,,,,,,,,,,,,,,,,,,,,,,,,,,,,,,,,,,,,,Average age of a house within the block,Total number of rooms within a block,Total number of bedrooms within a block,Average income for households within a block of houses (measured in thousands of US Dollars),,
1.0,-0.4995375632733802,0.6025700470029022,0.7056916350674428,0.8651734412075539,0.2722174699845976,0.42934811847094395,0.7421108344398449,-0.6967244892895622,0.9244376969393698,-0.623986011035512,-0.8245142315944785,0.059819957030251635,0.6352396366062331,-0.20042941615129975,0.7281619701620424,0.5509109802708904,0.6968538153953405,0.49841859498633345,-0.3157922495994518,-0.5427393371952394,-0.6223092489353963,0.8666600896640351,0.7892523917078786,-0.8793712436231981,0.6412273164401558,-0.9979616249154867,-0.5238325361647435,-0.5179142012772288,0.07108440107311344,0.3518882764705468,0.5902763254246387,-0.6110072096357746,-0.9434521448331921,0.8433350311293076,0.28937684284175347,-0.7813230145216921,0.5719666437724745,-0.48550079259925116,0.7861949763808627,-0.07081758996310583,-0.6839066589042114,-0.5551844664723775,0.7588072128208982,-0.6489260465075849,0.7779973743073475,0.9816977292741416,-0.6883659812788665,-0.30017705674401635,-0.042532914646642696,"(43.0, 9.472474397042786)","(2361.0, -41.67820639008175)","(489.0, -707.3022690303438)","(34.196, 824.6627824694875)",220000,302000
-0.4995375632733802,0.9999999999999999,-0.954426180881262,-0.5976886620611759,-0.358670975544994,0.6962012398289036,-0.041949141810122784,-0.4818757781609866,0.061704238458905006,-0.6743411631863785,0.7639596080435189,0.11826706943819622,0.39867277098272835,0.28028708796123675,0.48209748464289737,-0.48542514710076645,0.19006123064955555,-0.6999213826769994,-0.7549357325499114,-0.19942097749369958,0.9710231583786036,-0.2998110798652376,-0.3195666086231589,-0.9000301112278817,0.21773930139171072,-0.9453050840275526,0.46763507749603067,-0.3996883375624055,0.8534174090815494,-0.5493932716652741,-0.7975421821170797,-0.8403373728813238,0.9291791427687218,0.7421689994744843,-0.3141970640980869,0.5103087973839496,-0.05851745335488028,-0.9680248975735626,0.3576915455551448,-0.8370146115202833,0.8060829796239692,0.5409548608447802,-0.3352107245128818,-0.8715139347884427,0.9192686162679655,-0.736275443977127,-0.520846319038525,0.8215131741148507,-0.5552513704287203,0.5633801302755922,"(15.0, -29.920620027685985)","(4836.0, 187.33715378540631)","(1368.0, -3574.184989786318)","(21.865, -1540.8513074557654)",226000,129000
0.6025700470029022,-0.954426180881262,0.9999999999999999,0.6973730648311559,0.4878069022837237,-0.5718355766206112,-0.12048653682743876,0.6104389073644871,-0.22898821639427394,0.7428729781135985,-0.8833713291852614,-0.15519980077639248,-0.2073049391481226,-0.22796903664633406,-0.39414354036284444,0.6509664318023142,-0.08702953523550724,0.8123385835891312,0.8346314328914357,0.23283152413240152,-0.9039908479336671,0.20732190694113392,0.4657432181908404,0.9435931976028914,-0.340357846622168,0.968666321382403,-0.5756433925932223,0.28822174714729687,-0.9328851611021414,0.481875391386331,0.7471927141022481,0.911000631432617,-0.9753980711556569,-0.8252292500291674,0.40967977817279455,-0.5043396620176229,0.0012967604048344968,0.966891883549872,-0.5389683919115983,0.902675732981925,-0.8280880640009733,-0.6865326822460744,0.2719254533179851,0.939905542074865,-0.9422540459902617,0.8372623502909236,0.5898495300540718,-0.7735654864360921,0.5231815203559319,-0.5007608681111719,"(35.0, 154.03528042051107)","(995.0, -771.6696569778888)","(202.0, 1425.399018993917)","(50.942, 424.5651158527572)",222000,218000
0.7056916350674428,-0.5976886620611759,0.6973730648311559,0.9999999999999999,0.9054397906349217,-0.06825402700850616,0.0070367432433189325,0.9869212398141521,-0.8116531371604329,0.9003289661989562,-0.9207573553514196,-0.22238881517098716,0.44676230769169784,0.18626771211490856,0.2996761309817594,0.9700234016124336,0.6126480599582284,0.9797653998324934,0.9210234221546019,0.4405712074918417,-0.46614191078151124,-0.36631459705390096,0.8872519762305405,0.6497604450141694,-0.3065058704512511,0.557528487879717,-0.6630623252673361,-0.35011849269869305,-0.8455762638035516,-0.27741656873251747,0.08026422072803185,0.907901607445269,-0.8233468993082482,-0.7262596386766269,0.8740362500155088,-0.3557811945717042,-0.2404639874210579,0.527701502256995,-0.9070624989294497,0.9219108466897875,-0.46462053622174504,-0.9846398287796941,0.07638824602987808,0.8900446819675846,-0.8646025492481179,0.9706234910807487,0.5853089525773207,-0.33823864097706413,0.3142240040330692,0.264682271472646,"(35.0, 98.56676746569542)","(1263.0, -475.96735990879836)","(262.0, -5084.2040017577665)","(18.958, 381.47805101116603)",218000,68000
0.8651734412075539,-0.358670975544994,0.4878069022837237,0.9054397906349217,0.9999999999999999,0.32872586233738255,0.25260944784149064,0.9522083536010586,-0.9431905856799092,0.9194963352655546,-0.7314049756044066,-0.554334526737061,0.4928271224793275,0.5764582475644183,0.2962893100224289,0.9216235553429528,0.821662327746524,0.8424972343770829,0.6783234824251725,0.09670173922412881,-0.2938363079654721,-0.7097768489234664,0.9975682895075185,0.569797257101234,-0.5912546002804359,0.40656717509076556,-0.841647539132243,-0.6793664457554304,-0.5912030887867422,-0.3773774712397544,-0.0475623710555768,0.6854241864198148,-0.6011029222492186,-0.7627911043514591,0.9887164520277419,0.06693372095742016,-0.6093178651081884,0.3435907082389131,-0.7900885826566504,0.8018422598387013,-0.08761784014778932,-0.8931166579661715,-0.346018386050367,0.7484092316843227,-0.662744544158728,0.8665640710144585,0.7603560639147399,-0.3227449161035075,-0.11663177083799613,0.3888684381209229,"(40.0, 32.53633719732754)","(1912.0, -96.39328950589392)","(439.0, -6893.738891220877)","(14.598, 773.5188993463534)",216000,53000
0.2722174699845976,0.6962012398289036,-0.5718355766206112,-0.06825402700850616,0.32872586233738255,0.9999999999999998,0.3438198839908047,0.08886380239751965,-0.5182528164776149,0.026008505585381682,0.33707864259916487,-0.5534696061849078,0.4947156652518191,0.8512744582616347,0.3886519766890698,0.06423133865920223,0.6904100129373417,-0.19762952864806185,-0.42245099175160655,-0.4748907131300628,0.6297168633711604,-0.8647375432055869,0.3704316054293213,-0.3561020801584069,-0.4704806031711615,-0.5323839548320553,-0.30387226931036027,-0.8932699536143766,0.5243092130803146,-0.5770535078766356,-0.6135932163535244,-0.4435810126788697,0.5285763977937483,0.04965713609597814,0.367416218100859,0.8085230289390829,-0.7185000012904531,-0.6126355932503185,-0.0031234554453057548,-0.2750107680848613,0.8506783397991182,0.031577976683769035,-0.8307912821191605,-0.3400518357049397,0.4782370579630787,-0.17024775253244928,0.23282363426591127,0.3473519083903993,-0.8661845239754106,0.6172739192391716,"(34.0, -24.43835330633205)","(3978.0, 165.13469373496872)","(1073.0, -5259.1076944359575)","(17.622, 357.4158769723046)",224000,168000
0.42934811847094395,-0.041949141810122784,-0.12048653682743876,0.0070367432433189325,0.25260944784149064,0.3438198839908047,1.0000000000000002,0.02741045507351217,-0.1269954311071831,0.32535373337701273,0.24520722154028574,-0.7325114816221722,-0.3618174867216451,0.7133732145020365,-0.2558426752882233,-0.10990353265435654,0.3464641281112446,-0.1054849820617932,-0.2546532616271603,-0.6462235054443355,-0.194687222356984,-0.5587498015656209,0.2247299390109458,0.1403560749065215,-0.4447807463041349,0.018182886386730743,-0.4351878009173354,-0.44640977040485924,0.2835463562566707,-0.004191365260929059,0.07037921505805819,-0.17024835234352126,0.11154579014297297,-0.2776653727632938,0.3684228255465253,0.668848284796327,-0.7231662190752153,0.007763524553739205,0.355551112567704,0.0726151903204329,0.539240676461181,0.13152159358881668,-0.6486452916654858,0.014438151092685113,-0.009634728680228466,0.004160539479727176,0.5200084500188934,-0.4068198571758075,-0.6189270739276977,0.06320774750066852,"(29.0, 9.732866859564108)","(3559.0, -19.16122962408479)","(552.0, 261.04291698167003)","(40.585, 30.574431969662268)",222000,246000
0.7421108344398449,-0.4818757781609866,0.6104389073644871,0.9869212398141521,0.9522083536010586,0.08886380239751965,0.02741045507351217,1.0,-0.8931702245783139,0.8953011086731252,-0.8746622811834476,-0.2958650691935653,0.5383352933081015,0.3056919147568399,0.364974322470361,0.9854876588569131,0.7123880569806932,0.950806442358773,0.8580783686633895,0.37605582287338435,-0.35775645587705707,-0.4914256475474434,0.9426122407104576,0.5918124920419082,-0.3796180809816014,0.4742685874877361,-0.7052087332680395,-0.4830474119481036,-0.7691431948565685,-0.36527418516618565,-0.016949824009566357,0.8400802629538238,-0.7408971333215236,-0.7148600926177935,0.921782519372095,-0.2395785461417573,-0.3401732216378172,0.43050176445721233,-0.919074399703333,0.8751749971472683,-0.34239855316596024,-0.9838966933468924,-0.04577804340677053,0.8352389469535517,-0.7849087754603599,0.9432555636665415,0.6128228283739939,-0.2726531524532724,0.18668050393116142,0.3573697591497166,"(38.0, 156.96183421229463)","(977.0, -374.49353090277674)","(295.0, -11253.650771849934)","(10.208, 588.3660773066397)",213000,86000
-0.6967244892895622,0.061704238458905006,-0.22898821639427394,-0.8116531371604329,-0.9431905856799092,-0.5182528164776149,-0.1269954311071831,-0.8931702245783139,0.9999999999999999,-0.7375713788479242,0.5893305491411703,0.42738330404911135,-0.7397945400361444,-0.6038477314443075,-0.5604481545869009,-0.8698188420841735,-0.9286951371180616,-0.717485524589135,-0.5507944626621685,-0.1801597611881293,-0.031728346605368926,0.7896281134590004,-0.953536314174688,-0.28652326796113464,0.46091743434503535,-0.11194172442858397,0.6766931831193892,0.8090302809977227,0.41508152376351565,0.6311921555672484,0.3551427545404102,-0.5106555190846657,0.37282281085461916,0.526907209417599,-0.9352921424560596,-0.11132722186296938,0.5536520262544471,-0.04197420820193321,0.8118487867866612,-0.595976231787344,-0.08362076000649168,0.8293080796560438,0.35721087998277967,-0.5310463927287701,0.433148718762636,-0.711687399939903,-0.5570809138352454,-0.0004307291017425323,0.18762189291396403,-0.6385473183885904,"(15.0, 32.248851654255965)","(4037.0, -25.133034640412397)","(586.0, 3304.2564594412274)","(80.922, -1724.8108360702408)",217000,390000
0.9244376969393698,-0.6743411631863785,0.7428729781135985,0.9003289661989562,0.9194963352655546,0.026008505585381682,0.32535373337701273,0.8953011086731252,-0.7375713788479242,0.9999999999999999,-0.8186093338498682,-0.5873797501905322,0.14260346459089723,0.4223484251517228,-0.04617473118358463,0.8643627700048935,0.5631653119112854,0.8879337819971371,0.7598906949333736,0.026058218271022494,-0.6432959606071967,-0.4833537982469148,0.9018860007303822,0.82703965842202,-0.6330404268807073,0.7069558417162454,-0.8984269998971024,-0.40235210853686804,-0.742707363703131,-0.02272789708357394,0.32606964883496264,0.8178575432422044,-0.8060595260758197,-0.9270607460270321,0.9017685728522262,-0.04010016804461171,-0.5491683219250783,0.6633181928202175,-0.6750423197939818,0.9420180958824339,-0.315775929092533,-0.8574108486094544,-0.24073280575360523,0.9120594658949572,-0.8568176615844126,0.9387807327289044,0.8712366885789881,-0.6491651102132244,0.02766892767574558,0.0344114311137331,"(37.0, 14.872668749093762)","(2236.0, -189.13203078646976)","(372.0, -1098.3089766880337)","(32.016, 525.6374527087256)",222000,97000
-0.623986011035512,0.7639596080435189,-0.8833713291852614,-0.9207573553514196,-0.7314049756044066,0.33707864259916487,0.24520722154028574,-0.8746622811834476,0.5893305491411703,-0.8186093338498682,1.0,0.07421659178091339,-0.26927904525883367,0.10772744892116415,-0.0690117512445532,-0.9104375989803323,-0.28527020617821713,-0.9795280385279262,-0.9767644762615693,-0.48991830033529415,0.6319679980910267,0.04338825631529454,-0.7175977032161125,-0.782616749454903,0.2662666434833178,-0.7569914729602696,0.5857897595858643,0.020945298000221234,0.9781141443477053,-0.031490136281921995,-0.3527154920916815,-0.9854124808197456,0.9482693189131619,0.7577387222283475,-0.6541418968869565,0.5549196823972234,0.021712762456646332,-0.7373253182425804,0.8697733139033066,-0.9459743206372269,0.740295881306869,0.936516136294082,-0.27442502552653875,-0.9533114344082279,0.9349122898984328,-0.9636560031276018,-0.5249687761103231,0.46125476805579557,-0.5258787325836163,0.05858316999878035,"(10.0, 177.08208203771022)","(8299.0, 2343.9411302984167)","(1326.0, -35.4391022411305)","(62.579, -3524.5898717239847)",211000,316000
-0.8245142315944785,0.11826706943819622,-0.15519980077639248,-0.22238881517098716,-0.554334526737061,-0.5534696061849078,-0.7325114816221722,-0.2958650691935653,0.42738330404911135,-0.5873797501905322,0.07421659178091339,1.0,0.1677417582438803,-0.8661840438206367,0.35323343925809075,-0.25279847174874776,-0.45603757325557837,-0.17566014842494107,0.07034727685119604,0.7714005897078875,0.27463351614259646,0.729154550533258,-0.5646444571313747,-0.4670175809713545,0.9322019594238947,-0.3033214281410792,0.8497940047413041,0.6135526621421091,-0.03633504465590944,-0.11714704149712787,-0.24128864112556767,-0.04730284091040281,0.11089527110263014,0.6689813695216194,-0.5814993557216712,-0.7607729266982709,0.9706431947177561,-0.23182676938439795,-0.03393514615848279,-0.3264960209601187,-0.42050626854923223,0.17991268522480766,0.8944134722894138,-0.2897692928134736,0.1667061636979257,-0.29413296303282793,-0.880647232170921,0.5826007232126195,0.7484412696162411,0.061013181503196165,"(17.0, 7.784489724952114)","(2407.0, 0.21933975337265152)","(539.0, 518.9872901173562)","(42.619, -1315.3300377507474)",222000,140000
0.059819957030251635,0.39867277098272835,-0.2073049391481226,0.44676230769169784,0.4928271224793275,0.4947156652518191,-0.3618174867216451,0.5383352933081015,-0.7397945400361444,0.14260346459089723,-0.26927904525883367,0.1677417582438803,0.9999999999999999,0.21977894411891746,0.9189401203176948,0.5552120604275442,0.7239971245572638,0.3532209306636521,0.2962867246347899,0.5154329375345958,0.5660675437900726,-0.4878043937738812,0.5190281250868615,-0.301023427222348,0.09941317465883248,-0.3996320827880327,-0.04217770201578147,-0.6126348766321014,-0.1174200514406851,-0.8740168401979113,-0.7720596401744445,0.16127184935293495,0.042579842772755186,0.11202721931880255,0.4725358004451898,-0.1099506842221857,-0.03816686839536424,-0.4451160356221501,-0.7090969805512027,0.08995576700411136,0.14280223426799787,-0.5272471020089782,-0.004632410993577817,0.03850361638531854,0.02385809562121892,0.2663195331994739,-0.12094247210953052,0.6368646616179003,0.005167638854723891,0.8539142827156213,"(25.0, 14.56173320555706)","(2249.0, 81.88168823736714)","(681.0, -3253.4315662246977)","(23.0, -293.87789754086856)",222000,164000
0.6352396366062331,0.28028708796123675,-0.22796903664633406,0.18626771211490856,0.5764582475644183,0.8512744582616347,0.7133732145020365,0.3056919147568399,-0.6038477314443075,0.4223484251517228,0.10772744892116415,-0.8661840438206367,0.21977894411891746,1.0,0.11371778815469757,0.23420067831996189,0.7506946602733996,0.057045115376584576,-0.2011984258888639,-0.6205128678436005,0.17299423114835338,-0.9540642378930915,0.5930323089127862,0.058922694158534655,-0.7231368469482069,-0.1450480514351607,-0.6559792664129404,-0.9033813573909907,0.2755934342041655,-0.36770378728059705,-0.2744283823225189,-0.15891447218146063,0.18974816951971096,-0.3544442339543327,0.6376314490701691,0.8419857200170248,-0.959023190100236,-0.22119162569480816,-0.03448839747750233,0.09525819576465772,0.7189007305696583,-0.1521590164614726,-0.9314972800602809,0.02265806086065293,0.10009668214614038,0.13751807483390385,0.6340531861303117,-0.1251501133088671,-0.8654008608485291,0.42320494615160825,"(35.0, 92.30604881344033)","(3779.0, -21.580230024922447)","(711.0, -1533.6025847841056)","(29.781, 420.5426051550883)",220000,109000
-0.20042941615129975,0.48209748464289737,-0.39414354036284444,0.2996761309817594,0.2962893100224289,0.3886519766890698,-0.2558426752882233,0.364974322470361,-0.5604481545869009,-0.04617473118358463,-0.0690117512445532,0.35323343925809075,0.9189401203176948,0.11371778815469757,1.0000000000000002,0.33490938717383334,0.6521165101330632,0.17050424549713705,0.17222312742887594,0.6030833549371976,0.6562283412716812,-0.3782151019572882,0.3038250758002122,-0.5250734412975651,0.3997152895752432,-0.5965466350351137,0.22781567699702124,-0.5132606070956384,0.04375906000876797,-0.9600958694908297,-0.8996703633329357,0.012080277120824857,0.19975497988666696,0.3726281630466097,0.32242739190964687,-0.16916711867776701,0.1294611339002997,-0.6081479428402725,-0.5269616431003804,-0.08965821134528937,0.2179128374004328,-0.33441483664229527,0.1473742719899715,-0.15174427777643237,0.14943791566921882,0.07280903401586133,-0.3658806846859895,0.7834285808823765,0.08187308280921024,0.939697752922423,"(20.0, 2.332399341233347)","(2563.0, 71.28232804357314)","(658.0, -10663.545412011033)","(10.23, -910.1565407738802)",214000,54000
0.7281619701620424,-0.48542514710076645,0.6509664318023142,0.9700234016124336,0.9216235553429528,0.06423133865920223,-0.10990353265435654,0.9854876588569131,-0.8698188420841735,0.8643627700048935,-0.9104375989803323,-0.25279847174874776,0.5552120604275442,0.23420067831996189,0.33490938717383334,1.0,0.6432286241058854,0.9603323206663136,0.8740744481658926,0.3967506934645773,-0.3551974372500938,-0.4240209632178875,0.9202877063560819,0.6156922063669119,-0.39574617602806167,0.5123235211492527,-0.6954320226553458,-0.4234292463179767,-0.8067486943917138,-0.3050319172341586,0.027390434196838353,0.8570900768899846,-0.7624618728728247,-0.7232722281113524,0.8670017076064506,-0.28581918484064,-0.28676796963779677,0.4634311405639515,-0.9510493062228597,0.8726621931708708,-0.41138168081651855,-0.993943805430576,-0.011408533095067456,0.8453189114393231,-0.7813732401323497,0.9454290887970008,0.5942896295633147,-0.2670331470047192,0.2271225725796572,0.2912669646470731,"(33.0, 69.90511658777795)","(1471.0, -83.01148084665624)","(451.0, -2645.0002109530774)","(25.385, 280.4004841919234)",220000,161000
0.5509109802708904,0.19006123064955555,-0.08702953523550724,0.6126480599582284,0.821662327746524,0.6904100129373417,0.3464641281112446,0.7123880569806932,-0.9286951371180616,0.5631653119112854,-0.28527020617821713,-0.45603757325557837,0.7239971245572638,0.7506946602733996,0.6521165101330632,0.6432286241058854,0.9999999999999998,0.4602938110694738,0.2792634821712878,0.05175485423435333,0.2510526460922712,-0.9097247823368177,0.8277078994252617,0.01499091206453729,-0.36558431905184596,-0.17996047042541538,-0.5351242703898277,-0.9349120818322283,-0.10128428344062766,-0.7877697718556098,-0.5725340106239536,0.2252601547686897,-0.0757888989412424,-0.29945147156739804,0.8647239277983972,0.3239231226428334,-0.6270039809749666,-0.24231186191087956,-0.584805428286969,0.34299372848743,0.39515461465910423,-0.5980490715412811,-0.48644540377597895,0.2554587993544513,-0.1737051721275511,0.46212893978265396,0.4304807469508267,0.17088942638126228,-0.39327537229364856,0.8090134301459267,"(30.0, 44.26104940258553)","(2981.0, -8.924468321879827)","(605.0, -2910.767019629243)","(24.5, 95.68877004330153)",218000,86000
0.6968538153953405,-0.6999213826769994,0.8123385835891312,0.9797653998324934,0.8424972343770829,-0.19762952864806185,-0.1054849820617932,0.950806442358773,-0.717485524589135,0.8879337819971371,-0.9795280385279262,-0.17566014842494107,0.3532209306636521,0.057045115376584576,0.17050424549713705,0.9603323206663136,0.4602938110694738,0.9999999999999998,0.9632538692004365,0.4514805655021099,-0.5706676581610758,-0.22034408960137628,0.8265623810850595,0.7446258248063075,-0.31638588195946465,0.6818511583601043,-0.6566106661745852,-0.1970834987353352,-0.9286186025843883,-0.1130401549013051,0.23446493193479784,0.9650230354171557,-0.9064197638602229,-0.7738361824452525,0.7870487644974674,-0.44589794032371444,-0.15534272664298643,0.655027725674211,-0.8998488370538388,0.958835349042678,-0.607141630354177,-0.979302506635896,0.15781994107611547,0.9463230271563997,-0.920904864260412,0.9906186641937785,0.5877573985418383,-0.4266582515260567,0.4108580982217551,0.09408365796563244,"(37.0, 582.410685102)","(378.0, -971.5849417747089)","(176.0, -3653.929022222877)","(21.912, 519.3940869425842)",216000,112000
0.49841859498633345,-0.7549357325499114,0.8346314328914357,0.9210234221546019,0.6783234824251725,-0.42245099175160655,-0.2546532616271603,0.8580783686633895,-0.5507944626621685,0.7598906949333736,-0.9767644762615693,0.07034727685119604,0.2962867246347899,-0.2011984258888639,0.17222312742887594,0.8740744481658926,0.2792634821712878,0.9632538692004365,1.0,0.6296178947003783,-0.5953707342098606,0.023109519964762206,0.6541595188644168,0.6886948539360428,-0.08073629492334959,0.6786161309534245,-0.450265301498608,0.031396468175449194,-0.9724959163747581,-0.0545346261362012,0.267672582496073,0.984953604590593,-0.9292564838199853,-0.6415932191629631,0.6179816372407262,-0.6665848748818873,0.1072069193028024,0.6767729847928585,-0.8698766103330051,0.9109837899031503,-0.7684699584897138,-0.9188141644200222,0.41546589576165077,0.9126094843788269,-0.9301282786543172,0.93151071093523,0.38993347467044653,-0.3650741008037685,0.6396900881690945,0.02191602654933821,"(30.0, 142.41710493371713)","(1029.0, -551.1086097246192)","(242.0, -1235.9496870276953)","(31.205, 103.73992444041107)",222000,240000
-0.3157922495994518,-0.19942097749369958,0.23283152413240152,0.4405712074918417,0.09670173922412881,-0.4748907131300628,-0.6462235054443355,0.37605582287338435,-0.1801597611881293,0.026058218271022494,-0.48991830033529415,0.7714005897078875,0.5154329375345958,-0.6205128678436005,0.6030833549371976,0.3967506934645773,0.05175485423435333,0.4514805655021099,0.6296178947003783,0.9999999999999999,0.03422310909227279,0.3641828849434257,0.076810263179853,-0.0796402937177195,0.6740190535569393,-0.0022236236164276625,0.3668218825885471,0.2589263346834899,-0.528020680060377,-0.3834196886684383,-0.26881361368587847,0.5012270015341701,-0.3708368419180311,0.19037527356232078,0.059965376560975836,-0.887940795748792,0.7085137589044338,0.041320153094322125,-0.6281661239481705,0.257584859370831,-0.6108300580890674,-0.4692653537487214,0.8358598505405697,0.2620001233805705,-0.35549787273205047,0.3327750645061115,-0.45484095028608706,0.39243441582231353,0.8431003246533111,0.3253561553715446,"(21.0, 23.548349071840274)","(2056.0, -70.19986672588782)","(461.0, -727.4318883086935)","(33.942, -695.0272256211015)",223000,213000
-0.5427393371952394,0.9710231583786036,-0.9039908479336671,-0.46614191078151124,-0.2938363079654721,0.6297168633711604,-0.194687222356984,-0.35775645587705707,-0.031728346605368926,-0.6432959606071967,0.6319679980910267,0.27463351614259646,0.5660675437900726,0.17299423114835338,0.6562283412716812,-0.3551974372500938,0.2510526460922712,-0.5706676581610758,-0.5953707342098606,0.03422310909227279,0.9999999999999998,-0.2615499508645186,-0.25705421887095337,-0.9173403995502397,0.3464654204161953,-0.9545102028806871,0.522430311807455,-0.388984154817863,0.7242423508906085,-0.6763810504423999,-0.8896110724081506,-0.7135681095205508,0.8408811023828486,0.7692864324212325,-0.25956605319369463,0.32200767244222145,0.07406868937057733,-0.9723036117645985,0.1743297713313531,-0.7622012943346914,0.6823304215495891,0.39819621162306224,-0.17018752394886788,-0.7988177957894932,0.8332809205843965,-0.6355442931286872,-0.6041267067915852,0.9268170261473766,-0.38281019159457447,0.6773986922728156,"(17.0, -20.121610858762672)","(3646.0, 161.99622231785935)","(1035.0, -3066.9197339408524)","(23.603, -1361.0891447733122)",224000,139000
-0.6223092489353963,-0.2998110798652376,0.20732190694113392,-0.36631459705390096,-0.7097768489234664,-0.8647375432055869,-0.5587498015656209,-0.4914256475474434,0.7896281134590004,-0.4833537982469148,0.04338825631529454,0.729154550533258,-0.4878043937738812,-0.9540642378930915,-0.3782151019572882,-0.4240209632178875,-0.9097247823368177,-0.22034408960137628,0.023109519964762206,0.3641828849434257,-0.2615499508645186,1.0000000000000002,-0.7268931205870784,-0.014840538523866997,0.6127937715022542,0.1984817644639402,0.630544035919356,0.9862754469270067,-0.1479521450532155,0.5916737745797502,0.45018552383211635,0.024519307723384686,-0.11401809367392428,0.330029720170849,-0.7619488599265485,-0.6779468161376792,0.868792286418901,0.2767351885955327,0.283478479484534,-0.18154877110171055,-0.6387686026627231,0.3488190423651003,0.8043417227651559,-0.09888994778923567,-0.020766857564617824,-0.26758531067450264,-0.5644324674287537,-0.03446703277566959,0.7276734481666542,-0.6346819382478923,"(14.0, 25.770968802525847)","(2021.0, -156.48417655915202)","(396.0, 2944.862034722612)","(71.673, -1832.3401680775937)",219000,341000
0.8666600896640351,-0.3195666086231589,0.4657432181908404,0.8872519762305405,0.9975682895075185,0.3704316054293213,0.2247299390109458,0.9426122407104576,-0.953536314174688,0.9018860007303822,-0.7175977032161125,-0.5646444571313747,0.5190281250868615,0.5930323089127862,0.3038250758002122,0.9202877063560819,0.8277078994252617,0.8265623810850595,0.6541595188644168,0.076810263179853,-0.25705421887095337,-0.7268931205870784,0.9999999999999999,0.5531284512183537,-0.6156764568107116,0.3867290621440324,-0.8463916173347699,-0.7007050965587326,-0.5695066831841028,-0.3845076123562474,-0.06501493898713025,0.660479735304348,-0.5740577180979569,-0.7554428378685895,0.9807275061710677,0.09451510273276209,-0.6244170114159695,0.3184970420602678,-0.792278798760539,0.7785163374409427,-0.06371818981618342,-0.88556090834206,-0.37577008647659677,0.7262112537091165,-0.6297321445930354,0.8495535207765859,0.7594281386303635,-0.2997466088513995,-0.14857553539748386,0.39616182665616584,"(41.0, 42.89773732023414)","(1768.0, -56.84494884727748)","(475.0, -8063.724208115577)","(13.03, 776.953937834986)",214000,90000
0.7892523917078786,-0.9000301112278817,0.9435931976028914,0.6497604450141694,0.569797257101234,-0.3561020801584069,0.1403560749065215,0.5918124920419082,-0.28652326796113464,0.82703965842202,-0.782616749454903,-0.4670175809713545,-0.301023427222348,0.058922694158534655,-0.5250734412975651,0.6156922063669119,0.01499091206453729,0.7446258248063075,0.6886948539360428,-0.0796402937177195,-0.9173403995502397,-0.014840538523866997,0.5531284512183537,1.0000000000000002,-0.6095539631948249,0.9770475425958852,-0.7756483969318659,0.10092975480276947,-0.8003736031889986,0.5256578338617915,0.7891281044451471,0.8029503484964591,-0.8942249185828582,-0.9476137391578774,0.5087069265615477,-0.19161689709530966,-0.30552324287862015,0.9546568887830825,-0.41629620985954763,0.8889034336178023,-0.6051747202456784,-0.6243907142844426,-0.04878388949460004,0.9145230746264923,-0.8790369220027225,0.8099020222371586,0.8080011055110214,-0.9079392753070097,0.2184341109697665,-0.5232733456680523,"(40.0, 59.56148108845329)","(1565.0, -448.98943701161295)","(269.0, 1510.7462873104191)","(52.035, 723.587602384267)",220000,486000
-0.8793712436231981,0.21773930139171072,-0.340357846622168,-0.3065058704512511,-0.5912546002804359,-0.4704806031711615,-0.4447807463041349,-0.3796180809816014,0.46091743434503535,-0.6330404268807073,0.2662666434833178,0.9322019594238947,0.09941317465883248,-0.7231368469482069,0.3997152895752432,-0.39574617602806167,-0.36558431905184596,-0.31638588195946465,-0.08073629492334959,0.6740190535569393,0.3464654204161953,0.6127937715022542,-0.6156764568107116,-0.6095539631948249,1.0,-0.4682639778397393,0.9079228732173403,0.5090880668524878,0.1552636848826016,-0.23203896980414954,-0.3665996109281268,-0.20142896940241942,0.26856895617425824,0.7810486085056977,-0.5631753055490845,-0.6086857039647587,0.8775306716192277,-0.38407532206630207,0.1362014731783773,-0.44000465040510006,-0.2018374873747401,0.3170993938100229,0.8004401554328382,-0.42761181094141165,0.2755867951026667,-0.4192554044667748,-0.9142061407692644,0.6290258155882221,0.6112746705328655,0.19011347249911514,"(19.0, -8.376376883300361)","(2967.0, -8.578833600349839)","(528.0, 276.5899474023373)","(40.714, -874.177152739668)",222000,438000
0.6412273164401558,-0.9453050840275526,0.968666321382403,0.557528487879717,0.40656717509076556,-0.5323839548320553,0.018182886386730743,0.4742685874877361,-0.11194172442858397,0.7069558417162454,-0.7569914729602696,-0.3033214281410792,-0.3996320827880327,-0.1450480514351607,-0.5965466350351137,0.5123235211492527,-0.17996047042541538,0.6818511583601043,0.6786161309534245,-0.0022236236164276625,-0.9545102028806871,0.1984817644639402,0.3867290621440324,0.9770475425958852,-0.4682639778397393,1.0,-0.6262965033854285,0.3091035808453955,-0.8150795852776742,0.642496243091731,0.8700879632104397,0.7911276415576793,-0.8999274588952249,-0.8586399966101148,0.33538787654378605,-0.3308863985633225,-0.1151115145887953,0.9945780816274061,-0.3466373844998753,0.8317130218458646,-0.7285561824470947,-0.5366620171777929,0.12222738274565284,0.8745573191532042,-0.8649206624801317,0.7358954918423235,0.6721434122820501,-0.8976206192003693,0.3677700401237896,-0.6492725590984542,"(37.0, 73.76246290454033)","(1444.0, -535.6283386043757)","(246.0, 2007.968182106014)","(57.6, 520.3209925438467)",220000,239000
-0.9979616249154867,0.46763507749603067,-0.5756433925932223,-0.6630623252673361,-0.841647539132243,-0.30387226931036027,-0.4351878009173354,-0.7052087332680395,0.6766931831193892,-0.8984269998971024,0.5857897595858643,0.8497940047413041,-0.04217770201578147,-0.6559792664129404,0.22781567699702124,-0.6954320226553458,-0.5351242703898277,-0.6566106661745852,-0.450265301498608,0.3668218825885471,0.522430311807455,0.630544035919356,-0.8463916173347699,-0.7756483969318659,0.9079228732173403,-0.6262965033854285,0.9999999999999998,0.5303899690075078,0.47715044259556444,-0.09189666655667436,-0.3571347686775318,-0.5469377577262997,0.5736837466582146,0.934732386224316,-0.8183732194055281,-0.33567601096699734,0.804918389123691,-0.5538726863779735,0.4476578494880913,-0.7509833335058453,0.03540989229577217,0.6458043347020302,0.5957159693704362,-0.7252027418831078,0.6077949033602581,-0.7415143147561174,-0.9860035058418646,0.6883116062045478,0.34587004333446353,0.061253778978474234,"(6.0, 73.39983652384153)","(3523.0, -18.279455790817742)","(664.0, 1305.6638069076648)","(49.318, -7137.593421962662)",219000,258000
-0.5238325361647435,-0.3996883375624055,0.28822174714729687,-0.35011849269869305,-0.6793664457554304,-0.8932699536143766,-0.44640977040485924,-0.4830474119481036,0.8090302809977227,-0.40235210853686804,0.020945298000221234,0.6135526621421091,-0.6126348766321014,-0.9033813573909907,-0.5132606070956384,-0.4234292463179767,-0.9349120818322283,-0.1970834987353352,0.031396468175449194,0.2589263346834899,-0.388984154817863,0.9862754469270067,-0.7007050965587326,0.10092975480276947,0.5090880668524878,0.3091035808453955,0.5303899690075078,0.9999999999999998,-0.17820530274134766,0.7024123360794674,0.578529628145004,0.05972532749623663,-0.17703439908522842,0.2195118833820742,-0.7275935499483802,-0.623402716466356,0.7823977268182162,0.38650074355058944,0.33077724688272275,-0.11328614019274597,-0.6511209084525679,0.3489687805354619,0.7389529351881001,-0.02876495571125895,-0.08895600827099504,-0.22342263196624124,-0.4437088638059156,-0.1879773749496904,0.6862721185202645,-0.7388375604718773,"(15.0, -294.1515211075448)","(2099.0, 21.64799619235917)","(322.0, 3274.0048514465557)","(79.887, -1554.8403401085802)",219000,328000
-0.5179142012772288,0.8534174090815494,-0.9328851611021414,-0.8455762638035516,-0.5912030887867422,0.5243092130803146,0.2835463562566707,-0.7691431948565685,0.41508152376351565,-0.742707363703131,0.9781141443477053,-0.03633504465590944,-0.1174200514406851,0.2755934342041655,0.04375906000876797,-0.8067486943917138,-0.10128428344062766,-0.9286186025843883,-0.9724959163747581,-0.528020680060377,0.7242423508906085,-0.1479521450532155,-0.5695066831841028,-0.8003736031889986,0.1552636848826016,-0.8150795852776742,0.47715044259556444,-0.17820530274134766,1.0,-0.17239735062682213,-0.471538631061741,-0.9890434821487706,0.978400116311225,0.7105036401554536,-0.5128328170501597,0.667358848801161,-0.12411991074338938,-0.8142846128904939,0.7766506758985333,-0.9214901225749059,0.8547294669784418,0.8505423582171479,-0.4173631774780244,-0.9429471637719128,0.9552186045334771,-0.9113394846601853,-0.44046956015394717,0.5136349487887711,-0.6553960092244842,0.20469433331301395,"(12.0, 177.70494233529845)","(9197.0, 1275.5962726320827)","(1642.0, -33.33400427309466)","(49.589, -2581.323475240069)",216000,282000
0.07108440107311344,-0.5493932716652741,0.481875391386331,-0.27741656873251747,-0.3773774712397544,-0.5770535078766356,-0.004191365260929059,-0.36527418516618565,0.6311921555672484,-0.02272789708357394,-0.031490136281921995,-0.11714704149712787,-0.8740168401979113,-0.36770378728059705,-0.9600958694908297,-0.3050319172341586,-0.7877697718556098,-0.1130401549013051,-0.0545346261362012,-0.3834196886684383,-0.6763810504423999,0.5916737745797502,-0.3845076123562474,0.5256578338617915,-0.23203896980414954,0.642496243091731,-0.09189666655667436,0.7024123360794674,-0.17239735062682213,1.0000000000000002,0.9326120363542456,0.08498777169029162,-0.2877326941671435,-0.31052282059913416,-0.43146112009285353,-0.08256397894988314,0.11801221435349213,0.6663334888790666,0.43157986381627456,0.11082457089743096,-0.43430708537594365,0.28737906696987453,0.10143986993502553,0.19097692462768107,-0.20798269886170032,-0.04517356249812411,0.21650726279109975,-0.7174529347849351,0.16382422487544224,-0.9978351589205985,"(38.0, -418.55288722366396)","(2176.0, 15.03602835705831)","(266.0, 1810.8859239008561)","(150.001, 354.59825123185914)",333000,500000
0.3518882764705468,-0.7975421821170797,0.7471927141022481,0.08026422072803185,-0.0475623710555768,-0.6135932163535244,0.07037921505805819,-0.016949824009566357,0.3551427545404102,0.32606964883496264,-0.3527154920916815,-0.24128864112556767,-0.7720596401744445,-0.2744283823225189,-0.8996703633329357,0.027390434196838353,-0.5725340106239536,0.23446493193479784,0.267672582496073,-0.26881361368587847,-0.8896110724081506,0.45018552383211635,-0.06501493898713025,0.7891281044451471,-0.3665996109281268,0.8700879632104397,-0.3571347686775318,0.578529628145004,-0.471538631061741,0.9326120363542456,1.0000000000000002,0.4120964575360236,-0.5949414924578248,-0.5998784440791789,-0.10523929087714991,-0.18213177074696632,-0.003234703213941842,0.8853331103203824,0.14190444639899202,0.457999303719183,-0.5898047156434943,-0.05188299172863885,0.1035091108721746,0.5250905623256864,-0.5373696495706615,0.3082064625762997,0.4649602640681123,-0.893743209787238,0.2556503139739243,-0.9313877479895734,"(35.0, -339.2193040095439)","(2189.0, 17.17827193532889)","(307.0, 3130.2858757864146)","(76.659, 404.0809142488277)",219000,427000
0.5902763254246387,-0.8403373728813238,0.911000631432617,0.907901607445269,0.6854241864198148,-0.4435810126788697,-0.17024835234352126,0.8400802629538238,-0.5106555190846657,0.8178575432422044,-0.9854124808197456,-0.04730284091040281,0.16127184935293495,-0.15891447218146063,0.012080277120824857,0.8570900768899846,0.2252601547686897,0.9650230354171557,0.984953604590593,0.5012270015341701,-0.7135681095205508,0.024519307723384686,0.660479735304348,0.8029503484964591,-0.20142896940241942,0.7911276415576793,-0.5469377577262997,0.05972532749623663,-0.9890434821487706,0.08498777169029162,0.4120964575360236,0.9999999999999999,-0.9772083482203485,-0.7482425112274139,0.6228315195410375,-0.5992061848402161,0.02295698622254991,0.7859960234987561,-0.806174400700005,0.9586572122512171,-0.779333476176093,-0.8975446235360017,0.3385454645204528,0.966196422171469,-0.9753219163466489,0.9546607561929361,0.5071470648950206,-0.5190167529439196,0.5849629448032015,-0.1112744227594459,"(32.0, 122.48207701535851)","(1122.0, -589.4989979721008)","(233.0, -522.4945913463064)","(35.388, 215.17243964266996)",221000,407000
-0.6110072096357746,0.9291791427687218,-0.9753980711556569,-0.8233468993082482,-0.6011029222492186,0.5285763977937483,0.11154579014297297,-0.7408971333215236,0.37282281085461916,-0.8060595260758197,0.9482693189131619,0.11089527110263014,0.042579842772755186,0.18974816951971096,0.19975497988666696,-0.7624618728728247,-0.0757888989412424,-0.9064197638602229,-0.9292564838199853,-0.3708368419180311,0.8408811023828486,-0.11401809367392428,-0.5740577180979569,-0.8942249185828582,0.26856895617425824,-0.8999274588952249,0.5736837466582146,-0.17703439908522842,0.978400116311225,-0.2877326941671435,-0.5949414924578248,-0.9772083482203485,1.0,0.8048056311545446,-0.5354901297607519,0.5602494895858722,-0.006001327765079987,-0.8991033527674255,0.6735490124418416,-0.9559263408358905,0.8146450153306796,0.8039305805637179,-0.31234542409234173,-0.9765474262691973,0.9882732265903624,-0.9163695254155918,-0.565237259544099,0.6728270802903755,-0.5657742153141385,0.30951100942269566,"(13.0, -34.445748984733136)","(6227.0, 179.12440198911725)","(1317.0, 225.31518540333226)","(40.313, -2425.8518975564402)",224000,299000
-0.9434521448331921,0.7421689994744843,-0.8252292500291674,-0.7262596386766269,-0.7627911043514591,0.04965713609597814,-0.2776653727632938,-0.7148600926177935,0.526907209417599,-0.9270607460270321,0.7577387222283475,0.6689813695216194,0.11202721931880255,-0.3544442339543327,0.3726281630466097,-0.7232722281113524,-0.29945147156739804,-0.7738361824452525,-0.6415932191629631,0.19037527356232078,0.7692864324212325,0.330029720170849,-0.7554428378685895,-0.9476137391578774,0.7810486085056977,-0.8586399966101148,0.934732386224316,0.2195118833820742,0.7105036401554536,-0.31052282059913416,-0.5998784440791789,-0.7482425112274139,0.8048056311545446,1.0,-0.7158908959320509,-0.03460644148359806,0.5618330532322389,-0.8098248204608078,0.49481260015663986,-0.8920140548250989,0.3721729353636384,0.7047801001513518,0.30564847993238425,-0.8919532953270843,0.8144121679779822,-0.848527317408614,-0.9400552837233638,0.8358438563527938,0.02803225028581343,0.2956094149671421,"(5.0, 138.48299882793833)","(4332.0, -26.79340911658386)","(868.0, 234.4024351038909)","(40.417, -8151.759582323315)",220000,146000
0.8433350311293076,-0.3141970640980869,0.40967977817279455,0.8740362500155088,0.9887164520277419,0.367416218100859,0.3684228255465253,0.921782519372095,-0.9352921424560596,0.9017685728522262,-0.6541418968869565,-0.5814993557216712,0.4725358004451898,0.6376314490701691,0.32242739190964687,0.8670017076064506,0.8647239277983972,0.7870487644974674,0.6179816372407262,0.059965376560975836,-0.25956605319369463,-0.7619488599265485,0.9807275061710677,0.5087069265615477,-0.5631753055490845,0.33538787654378605,-0.8183732194055281,-0.7275935499483802,-0.5128328170501597,-0.43146112009285353,-0.10523929087714991,0.6228315195410375,-0.5354901297607519,-0.7158908959320509,0.9999999999999999,0.12940780333452567,-0.6485375415769625,0.277209539513257,-0.7253667735322856,0.7555744603815184,0.0040683479385162855,-0.8405562736858294,-0.38548156203513756,0.6917153398619701,-0.6173426307445817,0.8169166993880843,0.7459113459214552,-0.2986861653105431,-0.1738007940887928,0.4486795252830391,"(29.0, -4.701170204024066)","(2806.0, 9.76155012107154)","(552.0, -420.6274256758783)","(35.958, 30.041888581125427)",223000,89000
